2 = rbox 6 r s D2, rbox 15 B0.3 W0.25, c G0.5
25
-0.2999953041784422 -0.2447306682306628 
-0.2937975198205537 0.01966034259615501 
-0.2717732302581642 0.273170292422334 
0.2608157378256467 -0.2825253116502662 
0.1985792078995884 -0.230185816581534 
0.01782011614909404 0.2743275923415344 
-0.06995060943993797 -0.2350263356324531 
0.1120636276081797 0.2866535035303361 
0.2077001345415601 0.2959606833252689 
0.09235137756201568 -0.2873999035567044 
0.2384518753629661 0.1573188240242366 
-0.2715212917621446 0.2645877172607814 
0.07958314090928355 0.2615384270544521 
-0.2798008006343626 -0.1517766685707277 
0.1335962406672502 0.2619966246997906 
  -0.5   -0.5 
  -0.5    0.5 
   0.5   -0.5 
   0.5    0.5 
   0.1 0.1732050807568877
-0.09999999999999996 0.1732050807568878
  -0.2 2.449212707644755e-17
-0.1000000000000001 -0.1732050807568877
0.09999999999999987 -0.1732050807568878
   0.2 -2.266199380929202e-16
